space 00
" 01100101
) 011001000
, 011000
- 011001001
. 010000
; 01111010
A 011001100
I 1011110
M 011001110
N 011001111
S 0100010
a 1000
b 0100011
c 10110
d 01101
f 0111100
g 011111
h 10101
i 1101
l 01110
m 01001
n 1100
o 1111
p 1011111
r 10100
s 1001
t 1110
u 01010
v 01111011
w 01011
x 011001101
y 101110
----------------------------------------
011001111 1111 01011 011000 00 1100 1000 1110 01010 10100 1000 01110 01110 101110 011000 00 1101 1100 00 01011 10100 1101 1110 1101 1100 011111 00 1001 01010 10110 10101 00 1000 00 1001 1110 1111 10100 101110 00 1000 1001 00 1110 10101 1101 1001 011000 00 01011 1101 1110 10101 00 1101 1110 1001 00 10110 1111 1100 01101 1101 1110 1101 1111 1100 1001 00 1000 1001 00 01110 1000 1101 01101 00 01101 1111 01011 1100 00 1101 1100 00 1101 1110 1001 00 1011110 1100 1110 10100 1111 01101 01010 10110 1110 1101 1111 1100 011000 00 1101 1110 00 1101 1001 00 1100 1111 1110 00 1001 01010 10100 1011111 10100 1101 1001 1101 1100 011111 00 1110 10101 1000 1110 00 1000 1100 00 1111 10110 10110 1000 1001 1101 1111 1100 1000 01110 00 01100101 10100 1111 01010 011111 10101 00 1001 1011111 1111 1110 01100101 00 1101 1100 00 10110 1111 01001 1011111 1111 1001 1101 1110 1101 1111 1100 00 1101 1001 00 0111100 1111 01010 1100 01101 010000 00 0100010 1111 00 1011110 00 1110 10100 01010 1001 1110 00 1110 10101 1000 1110 00 1000 00 10110 10100 1101 1110 1101 10110 1000 01110 00 1011111 01010 0100011 01110 1101 10110 00 01011 1101 01110 01110 00 10101 1111 01110 01101 00 10110 1111 1100 1001 1110 1000 1100 1110 01110 101110 00 1101 1100 00 01001 1101 1100 01101 00 1110 10101 1000 1110 00 1011110 00 1000 01001 00 01111011 1111 01110 01010 1100 1110 1000 10100 1101 01110 101110 00 1000 01111011 1111 1101 01101 1101 1100 011111 00 01011 1111 10100 01101 1001 00 10110 1111 1100 1110 1000 1101 1100 1101 1100 011111 00 1110 10101 1000 1110 00 1001 101110 01001 0100011 1111 01110 00 01011 10101 1101 10110 10101 00 1101 1001 011000 00 0100011 101110 00 0111100 1000 10100 011000 00 1111 0111100 00 01001 1111 1001 1110 00 10110 1111 01001 01001 1111 1100 00 1101 1100 10110 01110 01010 1001 1101 1111 1100 00 1101 1100 00 01011 10100 1101 1110 1101 1100 011111 00 1111 01010 10100 00 011001100 1100 011111 01110 1111 011001001 0100010 1000 011001101 1111 1100 00 1000 1001 00 1101 1110 00 1101 1001 011000 00 1110 1111 01101 1000 101110 010000 00 011001110 1000 1100 101110 00 1111 0111100 00 1111 01010 10100 00 01001 1111 1001 1110 00 10110 1111 01001 01001 1111 1100 00 01011 1111 10100 01101 1001 00 10110 1000 1100 1100 1111 1110 00 1001 10101 1111 01011 01111010 00 1001 1111 00 1011110 00 01001 01010 1001 1110 00 1000 01101 1111 1011111 1110 00 1001 101110 1100 1111 1100 101110 01001 1001 01111010 00 1000 1100 01101 00 1001 1111 00 1110 01011 1101 1001 1110 00 1000 00 1110 10101 1111 01010 011111 10101 1110 00 1000 10100 1111 01010 1100 01101 00 1000 1001 00 1110 1111 00 1001 1000 101110 00 01011 10101 1000 1110 00 1011110 00 01011 1101 1001 10101 00 01011 1101 1110 10101 00 1000 1001 00 01001 01010 10110 10101 00 10110 01110 1000 10100 1101 1110 101110 00 1000 1001 00 1011110 00 10110 1000 1100 010000 011001000 00 0100010 1111 011000 00 1100 1111 01011 00 1110 1111 00 011111 1111 00 1111 1100 00 01011 1101 1110 10101 00 1110 10101 1101 1001 00 1111 01101 01101 00 10110 1111 1100 1110 10100 1000 1011111 1110 1101 1111 1100 010000 010000 010000 
----------------------------------------
There are a total of 589 symbols that are encoded.
There are 33 distinct symbols used.
There were 4712 bits in the original file.
There were 2466 bits in the compressed file.
This gives a compression ratio of 1.91079.
The cost of the Huffman tree is 4.18676 bits per character.
